time;rpm_wheel;rpm_engine
0;150;150
2;555;555
4;555;555
6;555;555
8;555;555
10;555;555
12;570;570
14;555;555
16;570;570
18;555;555
20;555;555
22;555;555
24;570;570
26;555;555
28;585;585
30;570;570
32;570;570
34;570;570
36;570;570
38;570;570
40;570;570
42;585;585
44;585;585
46;570;570
48;585;585
50;585;585
52;600;600
54;585;585
56;600;600
58;600;600
60;600;600
62;615;615
64;600;600
66;615;615
68;615;615
70;630;630
72;615;615
74;630;630
76;630;630
78;630;630
80;615;615
82;645;645
84;630;630
86;630;630
88;630;630
90;570;570
92;645;645
94;645;645
96;645;645
98;630;630
100;645;645
102;645;645
104;645;645
106;645;645
108;645;645
110;645;645
112;660;660
114;645;645
116;645;645
118;660;660
120;645;645
122;660;660
124;645;645
126;660;660
128;630;630
130;675;675
132;645;645
134;675;675
136;645;645
138;660;660
140;645;645
142;660;660
144;660;660
146;660;660
148;660;660
150;660;660
152;645;645
154;660;660
156;660;660
158;660;660
160;645;645
162;660;660
164;645;645
166;645;645
168;630;630
170;645;645
172;645;645
174;630;630
176;555;555
178;645;645
180;630;630
182;630;630
184;600;600
186;630;630
188;630;630
190;600;600
192;600;600
194;630;630
196;600;600
198;615;615
