time;rpm_wheel;rpm_engine
0;45;45
2;345;345
4;420;420
6;390;390
8;345;345
10;390;390
12;420;420
14;375;375
16;345;345
18;420;420
20;390;390
22;345;345
24;390;390
26;405;405
28;390;390
30;345;345
32;405;405
34;405;405
36;360;360
38;375;375
40;420;420
42;375;375
44;360;360
46;405;405
48;390;390
50;360;360
52;390;390
54;405;405
56;390;390
58;345;345
60;420;420
62;390;390
64;360;360
66;390;390
68;405;405
70;375;375
72;360;360
74;405;405
76;390;390
78;375;375
80;360;360
82;420;420
84;390;390
86;345;345
88;405;405
90;360;360
92;375;375
94;345;345
96;420;420
98;390;390
100;360;360
102;375;375
104;405;405
106;390;390
108;345;345
110;405;405
112;405;405
114;375;375
116;345;345
118;420;420
120;390;390
122;345;345
124;390;390
126;405;405
128;375;375
130;360;360
