time;rpm_wheel;rpm_engine
0;105;105
2;315;315
4;210;210
6;285;285
8;345;345
10;405;405
12;315;315
14;420;420
16;375;375
18;450;450
20;465;465
22;525;525
24;465;465
26;540;540
28;540;540
30;450;450
32;600;600
34;630;630
36;630;630
38;600;600
40;705;705
42;630;630
44;555;555
46;645;645
48;705;705
50;675;675
52;675;675
54;660;660
56;645;645
58;720;720
60;645;645
62;720;720
64;720;720
66;735;735
68;780;780
70;705;705
72;810;810
74;750;750
76;795;795
78;735;735
80;780;780
82;765;765
84;750;750
86;810;810
88;750;750
90;690;690
92;750;750
94;795;795
96;765;765
98;720;720
100;795;795
102;765;765
104;750;750
106;720;720
108;810;810
110;750;750
112;780;780
114;780;780
116;765;765
118;780;780
120;720;720
122;825;825
124;765;765
126;750;750
128;780;780
130;750;750
132;780;780
134;735;735
136;810;810
138;735;735
140;780;780
142;780;780
144;780;780
146;765;765
148;750;750
150;795;795
152;735;735
154;795;795
156;750;750
158;780;780
160;765;765
162;750;750
164;810;810
166;720;720
168;810;810
170;750;750
172;780;780
174;765;765
176;660;660
178;795;795
180;735;735
182;795;795
184;750;750
186;780;780
188;735;735
190;795;795
192;735;735
