time;rpm_wheel;rpm_engine
0;0;0
2;105;105
4;105;105
6;105;105
8;105;105
10;105;105
12;90;90
14;105;105
16;105;105
18;120;120
20;120;120
22;150;150
24;150;150
26;165;165
28;180;180
30;195;195
32;225;225
34;240;240
36;270;270
38;300;300
40;345;345
42;360;360
44;390;390
46;405;405
48;465;465
50;450;450
52;510;510
54;360;360
56;390;390
58;450;450
60;480;480
62;510;510
64;465;465
66;495;495
68;465;465
70;480;480
72;405;405
74;450;450
76;330;330
78;375;375
80;360;360
82;345;345
84;270;270
86;330;330
88;285;285
