time;rpm_wheel;rpm_engine
0;0;0
2;30;30
4;180;180
6;150;150
8;180;180
10;165;165
12;195;195
14;195;195
16;195;195
18;225;225
20;240;240
22;255;255
24;270;270
26;285;285
28;315;315
30;345;345
32;375;375
34;405;405
36;390;390
38;480;480
40;420;420
42;540;540
44;495;495
46;540;540
48;585;585
50;600;600
52;630;630
54;645;645
56;690;690
58;660;660
60;645;645
62;660;660
64;660;660
66;645;645
68;630;630
70;630;630
72;615;615
74;615;615
76;600;600
78;615;615
80;585;585
82;600;600
84;585;585
86;585;585
88;570;570
90;570;570
92;510;510
94;570;570
96;555;555
98;570;570
100;570;570
102;570;570
104;585;585
106;570;570
108;585;585
110;570;570
112;540;540
114;555;555
116;555;555
118;570;570
120;570;570
122;570;570
124;570;570
126;570;570
128;540;540
130;540;540
132;555;555
134;555;555
136;585;585
138;570;570
140;555;555
142;540;540
144;540;540
146;555;555
148;570;570
150;555;555
152;570;570
154;540;540
156;525;525
158;540;540
160;555;555
162;570;570
164;555;555
166;540;540
168;525;525
170;555;555
172;555;555
174;555;555
176;540;540
178;465;465
180;540;540
182;540;540
184;570;570
186;540;540
188;525;525
190;525;525
192;555;555
194;555;555
196;540;540
198;525;525
200;525;525
202;540;540
204;555;555
206;540;540
208;510;510
210;525;525
212;555;555
214;555;555
216;510;510
218;510;510
220;555;555
222;540;540
224;525;525
226;510;510
228;525;525
230;555;555
232;525;525
234;495;495
236;540;540
238;540;540
240;525;525
242;495;495
244;525;525
246;540;540
248;525;525
250;480;480
252;540;540
254;525;525
256;495;495
258;495;495
260;540;540
262;480;480
264;480;480
266;525;525
268;525;525
270;480;480
272;525;525
274;510;510
276;465;465
278;525;525
280;525;525
282;465;465
284;495;495
286;525;525
288;450;450
290;525;525
292;495;495
294;450;450
296;540;540
298;480;480
300;450;450
302;525;525
304;450;450
306;510;510
308;465;465
310;465;465
312;510;510
314;420;420
316;510;510
318;465;465
320;480;480
322;465;465
324;435;435
326;495;495
328;435;435
330;495;495
332;420;420
334;495;495
336;405;405
338;495;495
340;405;405
342;495;495
