time;rpm_wheel;rpm_engine
0;0;0
2;345;345
4;345;345
6;390;390
8;405;405
10;375;375
12;360;360
14;405;405
16;390;390
18;345;345
20;390;390
22;405;405
24;390;390
26;345;345
28;405;405
30;390;390
32;360;360
34;390;390
36;390;390
38;390;390
40;360;360
42;390;390
44;390;390
46;375;375
48;360;360
50;390;390
52;375;375
54;375;375
56;345;345
58;360;360
60;360;360
62;360;360
64;345;345
66;345;345
68;330;330
70;345;345
72;345;345
74;330;330
76;330;330
78;330;330
80;330;330
82;315;315
84;330;330
86;300;300
88;315;315
90;315;315
92;270;270
94;315;315
96;300;300
98;285;285
100;300;300
102;285;285
104;300;300
106;285;285
108;285;285
110;285;285
112;270;270
114;270;270
116;270;270
118;270;270
120;255;255
122;255;255
124;270;270
126;255;255
128;255;255
130;240;240
132;255;255
134;240;240
136;255;255
138;240;240
140;240;240
142;240;240
144;225;225
146;225;225
148;210;210
150;225;225
152;195;195
154;210;210
156;210;210
158;195;195
160;195;195
162;195;195
164;180;180
166;180;180
168;180;180
170;180;180
172;180;180
174;165;165
176;180;180
178;150;150
180;180;180
182;165;165
184;165;165
186;180;180
188;165;165
190;165;165
192;165;165
194;165;165
196;165;165
198;165;165
200;165;165
202;165;165
204;150;150
206;165;165
