time;rpm_wheel;rpm_engine
0;15;15
2;0;0
4;0;0
6;0;0
8;0;0
10;0;0
12;0;0
14;435;435
16;630;630
18;690;690
20;720;720
22;705;705
24;720;720
26;705;705
28;720;720
30;705;705
32;705;705
34;720;720
36;705;705
38;720;720
40;705;705
42;720;720
44;705;705
46;720;720
48;705;705
50;720;720
52;705;705
54;720;720
56;705;705
58;705;705
60;720;720
62;705;705
64;705;705
66;720;720
68;690;690
70;720;720
72;705;705
74;705;705
76;720;720
78;705;705
80;720;720
82;705;705
84;705;705
86;720;720
88;705;705
90;705;705
92;705;705
94;705;705
96;615;615
98;705;705
100;705;705
102;690;690
104;720;720
106;705;705
108;705;705
110;705;705
112;705;705
114;705;705
116;705;705
118;705;705
120;705;705
122;705;705
124;705;705
126;705;705
128;705;705
130;690;690
132;705;705
134;705;705
136;705;705
138;705;705
140;705;705
142;705;705
144;705;705
146;705;705
148;705;705
150;705;705
152;705;705
154;705;705
156;705;705
158;705;705
160;705;705
162;705;705
164;705;705
166;690;690
168;705;705
170;705;705
172;705;705
174;705;705
176;705;705
178;705;705
180;630;630
182;705;705
184;705;705
186;705;705
188;705;705
190;705;705
192;705;705
194;705;705
196;720;720
198;705;705
200;705;705
202;705;705
204;705;705
206;705;705
208;720;720
210;705;705
212;705;705
214;705;705
216;705;705
218;720;720
220;705;705
222;705;705
224;705;705
226;720;720
228;705;705
230;705;705
232;705;705
234;705;705
236;720;720
238;705;705
240;705;705
242;705;705
244;705;705
246;720;720
248;705;705
250;705;705
252;705;705
254;705;705
256;705;705
258;705;705
260;705;705
262;690;690
264;705;705
266;630;630
268;705;705
270;705;705
272;705;705
274;705;705
276;705;705
278;705;705
280;705;705
282;705;705
284;705;705
286;705;705
288;705;705
290;705;705
292;705;705
294;705;705
296;705;705
298;705;705
300;705;705
302;705;705
304;705;705
306;705;705
308;705;705
310;705;705
312;705;705
314;705;705
316;705;705
318;690;690
320;720;720
322;705;705
324;690;690
326;720;720
328;705;705
330;705;705
332;705;705
334;705;705
336;705;705
338;705;705
340;705;705
342;705;705
344;705;705
346;705;705
348;705;705
350;705;705
352;630;630
354;705;705
356;705;705
358;705;705
360;720;720
362;705;705
364;705;705
366;705;705
368;705;705
370;705;705
372;705;705
374;705;705
376;705;705
378;705;705
380;705;705
382;705;705
384;720;720
386;690;690
388;720;720
390;705;705
392;705;705
394;705;705
396;705;705
398;690;690
400;720;720
402;615;615
404;450;450
406;345;345
408;555;555
410;660;660
412;570;570
414;435;435
416;585;585
418;645;645
420;495;495
422;600;600
424;555;555
426;645;645
428;690;690
430;705;705
432;705;705
434;705;705
436;630;630
438;705;705
440;705;705
442;705;705
444;720;720
446;705;705
448;705;705
450;705;705
452;630;630
454;480;480
456;330;330
458;225;225
460;150;150
462;75;75
464;0;0
466;90;90
468;180;180
470;225;225
472;225;225
474;210;210
476;240;240
478;225;225
480;210;210
482;210;210
484;195;195
486;210;210
488;195;195
490;210;210
492;210;210
494;195;195
496;210;210
498;210;210
500;195;195
502;210;210
504;210;210
506;195;195
508;375;375
510;615;615
512;690;690
514;705;705
516;705;705
518;720;720
520;705;705
522;720;720
524;630;630
526;720;720
528;720;720
530;705;705
532;720;720
534;705;705
536;705;705
538;720;720
540;720;720
542;705;705
544;720;720
546;705;705
548;720;720
550;705;705
552;705;705
554;720;720
556;705;705
558;720;720
560;720;720
562;705;705
564;705;705
566;705;705
568;720;720
570;705;705
572;705;705
574;705;705
576;720;720
578;705;705
580;690;690
582;705;705
584;705;705
586;705;705
588;705;705
590;690;690
592;705;705
594;690;690
596;705;705
598;690;690
600;705;705
602;705;705
604;690;690
606;705;705
608;630;630
610;690;690
612;705;705
614;690;690
616;705;705
618;705;705
620;690;690
622;705;705
624;690;690
626;705;705
628;690;690
630;705;705
632;705;705
634;690;690
636;705;705
638;690;690
640;705;705
642;705;705
644;690;690
646;690;690
648;705;705
650;705;705
652;705;705
654;690;690
656;705;705
658;705;705
660;705;705
662;690;690
664;705;705
666;705;705
668;705;705
670;705;705
672;705;705
674;705;705
676;705;705
678;720;720
680;705;705
682;705;705
684;705;705
686;705;705
688;705;705
690;705;705
692;705;705
694;540;540
696;705;705
698;705;705
700;705;705
702;705;705
704;705;705
706;720;720
708;705;705
710;705;705
712;705;705
714;705;705
716;720;720
718;705;705
720;705;705
722;705;705
724;705;705
726;705;705
728;690;690
730;705;705
732;690;690
734;705;705
736;690;690
738;705;705
740;690;690
742;705;705
744;690;690
746;705;705
748;705;705
750;690;690
752;705;705
754;690;690
756;705;705
758;705;705
760;690;690
762;705;705
764;690;690
766;705;705
768;690;690
770;705;705
772;705;705
774;690;690
776;690;690
778;705;705
780;615;615
782;705;705
784;705;705
786;690;690
788;705;705
790;705;705
792;690;690
794;690;690
796;705;705
798;690;690
800;705;705
802;705;705
804;690;690
806;690;690
808;705;705
810;690;690
812;705;705
814;705;705
816;690;690
818;690;690
820;705;705
822;690;690
824;705;705
826;690;690
828;690;690
830;705;705
832;690;690
834;705;705
836;690;690
838;705;705
840;690;690
842;705;705
844;720;720
846;705;705
848;705;705
850;705;705
852;705;705
854;705;705
856;705;705
858;705;705
860;705;705
862;705;705
864;630;630
866;705;705
868;705;705
870;705;705
872;705;705
874;705;705
876;690;690
878;705;705
880;690;690
882;705;705
884;690;690
886;705;705
888;690;690
890;690;690
892;705;705
894;690;690
896;705;705
898;705;705
900;690;690
902;690;690
904;705;705
906;690;690
908;705;705
910;690;690
912;705;705
914;690;690
916;690;690
918;705;705
920;690;690
922;690;690
924;705;705
926;690;690
928;705;705
930;690;690
932;690;690
934;705;705
936;690;690
938;690;690
940;705;705
942;690;690
944;690;690
946;705;705
948;690;690
950;630;630
952;690;690
954;690;690
956;705;705
958;690;690
960;690;690
962;705;705
964;690;690
966;690;690
968;690;690
970;705;705
972;690;690
974;705;705
976;690;690
978;705;705
980;690;690
982;690;690
984;705;705
986;705;705
988;690;690
990;690;690
992;705;705
994;690;690
996;705;705
998;705;705
1000;690;690
1002;690;690
1004;705;705
1006;690;690
1008;705;705
1010;690;690
1012;705;705
1014;690;690
1016;690;690
1018;705;705
1020;690;690
1022;705;705
1024;690;690
1026;690;690
1028;705;705
1030;690;690
1032;615;615
1034;705;705
1036;690;690
1038;690;690
1040;705;705
1042;705;705
1044;690;690
1046;690;690
1048;690;690
1050;705;705
1052;690;690
1054;690;690
1056;690;690
1058;705;705
1060;690;690
1062;690;690
1064;690;690
1066;705;705
1068;690;690
1070;690;690
1072;690;690
1074;705;705
1076;675;675
1078;705;705
1080;690;690
1082;690;690
1084;690;690
1086;705;705
1088;690;690
1090;690;690
1092;690;690
1094;690;690
1096;690;690
1098;705;705
1100;690;690
1102;690;690
1104;690;690
1106;690;690
1108;690;690
1110;690;690
1112;630;630
1114;690;690
1116;675;675
1118;705;705
1120;690;690
1122;675;675
1124;705;705
1126;690;690
1128;690;690
1130;675;675
1132;690;690
1134;690;690
1136;690;690
1138;690;690
1140;690;690
1142;675;675
1144;690;690
1146;690;690
1148;690;690
1150;675;675
1152;690;690
1154;690;690
1156;690;690
1158;675;675
1160;690;690
1162;690;690
1164;675;675
1166;690;690
1168;690;690
1170;675;675
1172;690;690
1174;690;690
1176;675;675
1178;675;675
1180;690;690
1182;690;690
1184;675;675
1186;675;675
1188;690;690
1190;600;600
1192;690;690
1194;675;675
1196;675;675
1198;690;690
1200;675;675
1202;675;675
1204;675;675
1206;690;690
1208;675;675
1210;675;675
1212;675;675
1214;675;675
1216;675;675
1218;675;675
1220;675;675
1222;675;675
1224;675;675
1226;675;675
1228;675;675
1230;675;675
1232;660;660
1234;675;675
1236;675;675
1238;675;675
1240;660;660
1242;675;675
1244;660;660
1246;675;675
1248;660;660
1250;660;660
1252;660;660
1254;660;660
1256;645;645
1258;660;660
1260;645;645
1262;630;630
1264;645;645
1266;630;630
1268;615;615
1270;555;555
1272;600;600
1274;600;600
1276;570;570
1278;570;570
1280;570;570
1282;555;555
1284;570;570
1286;555;555
1288;570;570
1290;555;555
1292;570;570
1294;555;555
1296;570;570
1298;570;570
1300;555;555
1302;570;570
1304;570;570
1306;555;555
1308;570;570
1310;555;555
1312;570;570
1314;555;555
1316;570;570
1318;570;570
1320;555;555
1322;570;570
1324;555;555
1326;570;570
1328;555;555
1330;570;570
1332;555;555
1334;570;570
1336;570;570
1338;555;555
1340;570;570
1342;555;555
1344;570;570
1346;570;570
1348;510;510
1350;570;570
1352;555;555
1354;570;570
1356;570;570
1358;555;555
1360;570;570
1362;555;555
1364;570;570
1366;555;555
1368;570;570
1370;555;555
1372;570;570
1374;555;555
1376;555;555
1378;570;570
1380;555;555
1382;570;570
1384;555;555
1386;555;555
1388;555;555
1390;555;555
1392;555;555
1394;555;555
1396;555;555
1398;555;555
1400;555;555
1402;555;555
1404;555;555
1406;540;540
1408;555;555
1410;555;555
1412;540;540
1414;555;555
1416;540;540
1418;540;540
1420;555;555
1422;540;540
1424;540;540
1426;480;480
1428;540;540
1430;540;540
1432;525;525
1434;525;525
1436;525;525
1438;525;525
1440;510;510
1442;525;525
1444;510;510
1446;495;495
1448;510;510
1450;495;495
1452;480;480
1454;480;480
1456;480;480
1458;450;450
1460;450;450
1462;450;450
1464;435;435
1466;420;420
1468;435;435
1470;435;435
1472;435;435
1474;435;435
1476;435;435
1478;435;435
1480;435;435
1482;435;435
1484;435;435
1486;450;450
1488;420;420
1490;435;435
1492;435;435
1494;435;435
1496;435;435
1498;435;435
1500;420;420
1502;420;420
1504;375;375
1506;240;240
1508;210;210
1510;180;180
1512;165;165
1514;165;165
1516;150;150
1518;165;165
1520;150;150
1522;165;165
1524;150;150
1526;150;150
1528;165;165
1530;150;150
1532;150;150
1534;165;165
1536;150;150
1538;150;150
1540;150;150
1542;165;165
1544;150;150
1546;150;150
1548;165;165
1550;150;150
1552;150;150
1554;150;150
1556;165;165
1558;150;150
1560;150;150
1562;150;150
1564;165;165
1566;150;150
1568;165;165
1570;150;150
1572;165;165
1574;135;135
1576;165;165
1578;150;150
1580;165;165
1582;150;150
1584;135;135
1586;150;150
1588;165;165
1590;150;150
1592;150;150
1594;165;165
1596;150;150
1598;150;150
1600;150;150
1602;165;165
1604;150;150
1606;150;150
1608;150;150
1610;165;165
1612;150;150
1614;150;150
1616;150;150
1618;165;165
1620;150;150
1622;150;150
1624;150;150
1626;165;165
1628;150;150
1630;150;150
1632;150;150
1634;165;165
1636;135;135
1638;165;165
1640;150;150
1642;150;150
1644;150;150
1646;165;165
1648;150;150
1650;150;150
1652;150;150
1654;165;165
1656;150;150
1658;150;150
1660;150;150
1662;165;165
1664;150;150
1666;150;150
1668;150;150
1670;165;165
1672;150;150
1674;150;150
1676;150;150
1678;165;165
1680;150;150
1682;150;150
1684;150;150
1686;165;165
1688;150;150
1690;150;150
1692;150;150
1694;150;150
1696;165;165
1698;150;150
1700;150;150
1702;150;150
1704;165;165
1706;150;150
1708;150;150
1710;150;150
1712;150;150
1714;150;150
1716;165;165
1718;150;150
1720;150;150
1722;150;150
1724;165;165
1726;135;135
1728;165;165
1730;150;150
1732;150;150
1734;150;150
1736;165;165
1738;135;135
1740;165;165
1742;135;135
1744;165;165
1746;150;150
1748;150;150
1750;150;150
1752;150;150
1754;150;150
1756;165;165
1758;135;135
1760;165;165
1762;150;150
1764;150;150
1766;150;150
1768;165;165
1770;150;150
1772;150;150
1774;150;150
1776;165;165
1778;135;135
1780;165;165
1782;150;150
1784;150;150
1786;150;150
1788;165;165
1790;150;150
1792;150;150
1794;150;150
1796;165;165
1798;150;150
1800;75;75
1802;165;165
1804;150;150
1806;165;165
1808;150;150
1810;150;150
1812;165;165
1814;150;150
1816;150;150
1818;165;165
1820;120;120
1822;165;165
1824;150;150
1826;165;165
1828;135;135
1830;165;165
